A = [1 420.93 13161 421.185 12491 421.439 13041 421.694 11951 421.948 12111 422.202 12441 422.457 12261 422.711 12251 422.966 14891 423.22 14981 423.474 16041 423.729 17001 423.983 17501 424.237 18311 424.492 18231 424.746 17961 425 18221 425.255 17751 425.509 16811 425.763 16361 426.018 15761 426.272 15641 426.526 13831 426.78 13971 427.035 13891 427.289 13241 427.543 13541 427.797 14561 428.052 13841 428.306 15441 428.56 15921 428.814 16921 429.068 17681 429.323 20061 429.577 19811 429.831 19581 430.085 20951 430.339 21501 430.593 20921 430.848 20061 431.102 20741 431.356 19341 431.61 17541 431.864 17131 432.118 15221 432.372 15681 432.626 14301 432.88 14481 433.134 14071 433.388 14501 433.642 14931 433.896 16391 434.151 17591 434.405 19321 434.659 19901 434.913 20531 435.167 21991 435.421 23111 435.674 23601 435.928 23711 436.182 23681 436.436 23351 436.69 23731 436.944 22221 437.198 20611 437.452 20241 437.706 17931 437.96 17891 438.214 15751 438.468 15191 438.722 15391 438.975 14931 439.229 15501 439.483 15701 439.737 15921 439.991 18511 440.245 20141 440.498 21701 440.752 23311 441.006 24541 441.26 26071 441.514 26781 441.767 28121 442.021 27731 442.275 27611 442.529 26251 442.782 25251 443.036 24671 443.29 22631 443.544 20771 443.797 19771 444.051 18421 444.305 16311 444.558 16011 444.812 16381 445.066 15281 445.319 15711 445.573 17301 445.827 18501 446.08 19761 446.334 22291 446.588 25061 446.841 26361 447.095 28401 447.348 29441 447.602 31301 447.856 32171 448.109 31901 448.363 32011 448.616 31771 448.87 30001 449.123 28011 449.377 26621 449.63 25561 449.884 22401 450.137 20701 450.391 18761 450.644 17031 450.898 16631 451.151 16611 451.405 16331 451.658 15981 451.912 18341 452.165 19621 452.418 22511 452.672 24491 452.925 27031 453.179 30021 453.432 31911 453.686 34301 453.939 35661 454.192 35871 454.446 36951 454.699 37191 454.952 36401 455.206 34501 455.459 33011 455.712 31321 455.966 28361 456.219 25381 456.472 23911 456.726 21061 456.979 19091 457.232 18071 457.485 17591 457.739 17591 457.992 17291 458.245 19271 458.498 20901 458.752 23181 459.005 25301 459.258 28381 459.511 31941 459.764 34971 460.018 37561 460.271 41211 460.524 41651 460.777 43031 461.03 43781 461.283 43751 461.536 43191 461.79 40941 462.043 39571 462.296 35831 462.549 33271 462.802 31111 463.055 27501 463.308 24311 463.561 22761 463.814 20301 464.067 19201 464.32 18151 464.573 18411 464.826 19571 465.079 22541 465.332 24591 465.585 26591 465.838 30591 466.091 34401 466.344 39151 466.597 42331 466.85 45481 467.103 48501 467.356 50501 467.609 51881 467.862 53641 468.115 53291 468.368 51611 468.621 49491 468.874 48051 469.127 43401 469.379 40461 469.632 36681 469.885 32661 470.138 29231 470.391 25631 470.644 22971 470.896 21341 471.149 20451 471.402 20211 471.655 20631 471.908 22571 472.16 26331 472.413 28891 472.666 34201 472.919 37651 473.172 43671 473.424 49581 473.677 53641 473.93 57381 474.182 61371 474.435 63911 474.688 65771 474.941 67661 475.193 65501 475.446 64711 475.699 62171 475.951 58111 476.204 54191 476.457 48781 476.709 44211 476.962 40591 477.214 35611 477.467 30351 477.72 26941 477.972 24561 478.225 23481 478.477 22071 478.73 23411 478.982 25571 479.235 28221 479.488 32851 479.74 37141 479.993 43031 480.245 49341 480.498 55881 480.75 60861 481.003 67031 481.255 73111 481.508 76291 481.76 80191 482.013 81941 482.265 82241 482.517 80951 482.77 79201 483.022 75271 483.275 72031 483.527 66341 483.78 59901 484.032 54321 484.284 47991 484.537 41831 484.789 36691 485.041 32191 485.294 27781 485.546 26211 485.799 24691 486.051 23821 486.303 26571 486.555 30181 486.808 34251 487.06 39661 487.312 44811 487.565 52781 487.817 60431 488.069 65821 488.321 74051 488.574 79611 488.826 85741 489.078 90571 489.33 93241 489.583 96311 489.835 96581 490.087 94051 490.339 91421 490.591 87841 490.844 83081 491.096 76821 491.348 70591 491.6 63531 491.852 55181 492.104 48661 492.356 42701 492.609 36931 492.861 32301 493.113 28941 493.365 25891 493.617 26061 493.869 28041 494.121 30571 494.373 34311 494.625 40231 494.877 47051 495.129 53661 495.381 62051 495.633 71151 495.885 78941 496.137 87061 496.389 94321 496.641 100451 496.893 105611 497.145 109651 497.397 110201 497.649 112741 497.901 110191 498.153 107531 498.405 102841 498.657 97661 498.909 91081 499.161 83761 499.412 76001 499.664 67351 499.916 59611 500.168 50781 500.42 44241 500.672 38311 500.924 33281 501.175 29771 501.427 28691 501.679 29251 501.931 30981 502.183 34881 502.435 40081 502.686 46321 502.938 55201 503.19 63801 503.442 73241 503.693 83131 503.945 92651 504.197 102831 504.449 111151 504.7 117991 504.952 124461 505.204 128681 505.455 131971 505.707 133421 505.959 132701 506.21 129751 506.462 124781 506.714 119381 506.965 112321 507.217 103601 507.469 93441 507.72 84391 507.972 73551 508.223 64891 508.475 56031 508.727 48271 508.978 41881 509.23 36631 509.481 33341 509.733 32211 509.984 31981 510.236 34411 510.488 39281 510.739 45611 510.991 53101 511.242 63661 511.494 73811 511.745 84701 511.997 96331 512.248 107681 512.499 117941 512.751 128721 513.002 137211 513.254 146201 513.505 151561 513.757 155511 514.008 157461 514.259 156411 514.511 154681 514.762 150681 515.014 142581 515.265 135811 515.516 127181 515.768 117921 516.019 106191 516.27 94321 516.522 83771 516.773 71971 517.024 62641 517.276 53681 517.527 45761 517.778 40201 518.03 36731 518.281 34131 518.532 34201 518.783 37251 519.035 41421 519.286 48061 519.537 56381 519.788 66301 520.039 77191 520.291 88951 520.542 99911 520.793 112961 521.044 125071 521.295 136561 521.547 146101 521.798 154721 522.049 161941 522.3 168321 522.551 171951 522.802 173091 523.053 172451 523.304 167191 523.556 163381 523.807 155851 524.058 147091 524.309 137301 524.56 126441 524.811 114181 525.062 101981 525.313 90961 525.564 78461 525.815 67811 526.066 58741 526.317 49091 526.568 43461 526.819 37811 527.07 35601 527.321 34991 527.572 36731 527.823 39041 528.074 44811 528.325 52951 528.576 61651 528.827 72161 529.078 83271 529.329 95701 529.579 108231 529.83 120641 530.081 132661 530.332 143951 530.583 154881 530.834 163891 531.085 169861 531.336 175541 531.586 179111 531.837 181521 532.088 181341 532.339 179061 532.59 174011 532.84 166821 533.091 159911 533.342 149371 533.593 138871 533.843 127951 534.094 114141 534.345 102221 534.596 90151 534.846 78921 535.097 67841 535.348 58561 535.599 50291 535.849 43911 536.1 39631 536.351 36391 536.601 36201 536.852 38061 537.103 41561 537.353 47651 537.604 56121 537.855 64721 538.105 75821 538.356 88191 538.606 101261 538.857 113601 539.108 127301 539.358 141361 539.609 151721 539.859 164841 540.11 174961 540.36 183491 540.611 191751 540.861 197851 541.112 200671 541.362 202781 541.613 200341 541.863 197511 542.114 192021 542.364 185001 542.615 175741 542.865 165691 543.116 154571 543.366 141571 543.617 129281 543.867 114601 544.117 102191 544.368 89131 544.618 77291 544.869 66491 545.119 57291 545.369 49631 545.62 44291 545.87 40241 546.121 39081 546.371 40071 546.621 42851 546.872 48311 547.122 55501 547.372 64221 547.623 75831 547.873 87421 548.123 100861 548.373 115681 548.624 129281 548.874 143711 549.124 157411 549.374 170871 549.625 183051 549.875 194941 550.125 205781 550.375 212041 550.626 219531 550.876 223461 551.126 225311 551.376 223911 551.626 220351 551.876 214541 552.127 208161 552.377 199331 552.627 187641 552.877 176651 553.127 163661 553.377 149481 553.627 135201 553.877 120371 