A = [1 420.93 11591 421.185 11651 421.439 12101 421.694 12761 421.948 12241 422.202 11931 422.457 11801 422.711 10771 422.966 11791 423.22 11051 423.474 10581 423.729 9521 423.983 8671 424.237 8671 424.492 7491 424.746 8401 425 9221 425.255 9261 425.509 10061 425.763 10481 426.018 11471 426.272 12721 426.526 13441 426.78 14021 427.035 14451 427.289 14161 427.543 14591 427.797 14591 428.052 13841 428.306 13231 428.56 12941 428.814 11961 429.068 10281 429.323 10451 429.577 8561 429.831 8081 430.085 8951 430.339 9641 430.593 8741 430.848 9461 431.102 11071 431.356 12471 431.61 12901 431.864 14291 432.118 14411 432.372 15691 432.626 16611 432.88 16571 433.134 17091 433.388 16401 433.642 15621 433.896 15901 434.151 14611 434.405 13981 434.659 12581 434.913 11271 435.167 10341 435.421 9641 435.674 9101 435.928 9411 436.182 9111 436.436 9801 436.69 10751 436.944 12241 437.198 12771 437.452 15621 437.706 16001 437.96 17501 438.214 18051 438.468 18611 438.722 19981 438.975 19661 439.229 20431 439.483 19081 439.737 18571 439.991 17031 440.245 16041 440.498 14421 440.752 13171 441.006 11961 441.26 11231 441.514 10761 441.767 9601 442.021 9531 442.275 10471 442.529 10161 442.782 12791 443.036 13551 443.29 15501 443.544 16621 443.797 18621 444.051 20761 444.305 21541 444.558 22971 444.812 24501 445.066 24171 445.319 24081 445.573 24421 445.827 22051 446.08 20221 446.334 18511 446.588 16981 446.841 15161 447.095 13711 447.348 11741 447.602 11141 447.856 10761 448.109 9731 448.363 10621 448.616 11031 448.87 12921 449.123 14191 449.377 16441 449.63 18471 449.884 21241 450.137 24151 450.391 25061 450.644 26541 450.898 28281 451.151 28671 451.405 28681 451.658 27761 451.912 26931 452.165 25491 452.418 24251 452.672 21121 452.925 18381 453.179 16451 453.432 14461 453.686 13361 453.939 11511 454.192 10851 454.446 10791 454.699 11051 454.952 12381 455.206 13751 455.459 15411 455.712 18441 455.966 20611 456.219 23411 456.472 27231 456.726 28471 456.979 31991 457.232 32341 457.485 33941 457.739 34281 457.992 34051 458.245 33361 458.498 31501 458.752 29171 459.005 26811 459.258 23471 459.511 21201 459.764 19031 460.018 16311 460.271 14811 460.524 12921 460.777 11931 461.03 11331 461.283 12101 461.536 13241 461.79 14871 462.043 17771 462.296 20601 462.549 23681 462.802 27821 463.055 31181 463.308 33671 463.561 37201 463.814 39121 464.067 40851 464.32 41801 464.573 40721 464.826 40781 465.079 39671 465.332 37441 465.585 34101 465.838 31071 466.091 27161 466.344 24211 466.597 20961 466.85 18121 467.103 15351 467.356 12481 467.609 12711 467.862 12441 468.115 13381 468.368 14941 468.621 17151 468.874 20871 469.127 24511 469.379 27951 469.632 33171 469.885 37091 470.138 41231 470.391 44821 470.644 47521 470.896 50281 471.149 51241 471.402 52001 471.655 51441 471.908 49671 472.16 47761 472.413 43801 472.666 39801 472.919 36571 473.172 31471 473.424 27801 473.677 23781 473.93 19941 474.182 16851 474.435 14021 474.688 13421 474.941 13771 475.193 14971 475.446 16671 475.699 20131 475.951 24791 476.204 28751 476.457 34211 476.709 39551 476.962 45681 477.214 51811 477.467 55851 477.72 59191 477.972 63571 478.225 65081 478.477 66071 478.73 66401 478.982 64971 479.235 61541 479.488 57491 479.74 53511 479.993 47441 480.245 42821 480.498 37111 480.75 31571 481.003 26361 481.255 22651 481.508 18551 481.76 16201 482.013 14711 482.265 14641 482.517 16021 482.77 18671 483.022 23181 483.275 28811 483.527 34631 483.78 40751 484.032 47251 484.284 54651 484.537 60701 484.789 67001 485.041 71851 485.294 75391 485.546 78431 485.799 79291 486.051 79871 486.303 78441 486.555 76001 486.808 71991 487.06 66541 487.312 60191 487.565 53981 487.817 48151 488.069 40091 488.321 34131 488.574 27211 488.826 23711 489.078 18821 489.33 17191 489.583 15231 489.835 16131 490.087 16901 490.339 21571 490.591 26111 490.844 31491 491.096 38321 491.348 45121 491.6 52671 491.852 60591 492.104 67811 492.356 73971 492.609 81311 492.861 87351 493.113 90181 493.365 91451 493.617 93101 493.869 92201 494.121 90101 494.373 86571 494.625 81601 494.877 75641 495.129 68051 495.381 60341 495.633 52801 495.885 45691 496.137 37031 496.389 31151 496.641 25521 496.893 21631 497.145 19021 497.397 16771 497.649 17151 497.901 18771 498.153 22961 498.405 27501 498.657 33711 498.909 41281 499.161 49681 499.412 58931 499.664 67181 499.916 76381 500.168 84861 500.42 92201 500.672 98171 500.924 103541 501.175 107871 501.427 110051 501.679 109591 501.931 108651 502.183 104421 502.435 100911 502.686 94061 502.938 87421 503.19 78771 503.442 70231 503.693 60891 503.945 51681 504.197 43371 504.449 35911 504.7 28981 504.952 24001 505.204 19881 505.455 18461 505.707 18531 505.959 20041 506.21 23501 506.462 28501 506.714 36001 506.965 44671 507.217 54001 507.469 63731 507.72 74781 507.972 84731 508.223 95751 508.475 104351 508.727 113601 508.978 120451 509.23 126101 509.481 130381 509.733 133341 509.984 131671 510.236 130671 510.488 125781 510.739 120161 510.991 112391 511.242 104781 511.494 93681 511.745 84611 511.997 73401 512.248 63091 512.499 52931 512.751 43581 513.002 35401 513.254 28951 513.505 23571 513.757 21151 514.008 19231 514.259 20071 514.511 23441 514.762 28101 515.014 35331 515.265 43801 515.516 54031 515.768 65321 516.019 75791 516.27 89021 516.522 101461 516.773 111521 517.024 122571 517.276 132631 517.527 140221 517.778 146591 518.03 150911 518.281 151871 518.532 152421 518.783 149921 519.035 143991 519.286 139171 519.537 130981 519.788 122211 520.039 111361 520.291 99301 520.542 88261 520.793 76111 521.044 64031 521.295 53711 521.547 43551 521.798 35141 522.049 27561 522.3 22671 522.551 21071 522.802 19721 523.053 21331 523.304 24171 523.556 29831 523.807 37331 524.058 46441 524.309 56461 524.56 68071 524.811 80311 525.062 92361 525.313 104711 525.564 115951 525.815 127811 526.066 137471 526.317 144091 526.568 153521 526.819 157821 527.07 160711 527.321 160711 527.572 159931 527.823 156441 528.074 150601 528.325 144251 528.576 134851 528.827 124621 529.078 113421 529.329 101551 529.579 89591 529.83 76981 530.081 65571 530.332 54761 530.583 44531 530.834 36811 531.085 28791 531.336 24291 531.586 20601 531.837 19601 532.088 20561 532.339 24321 532.59 29431 532.84 35791 533.091 45501 533.342 55511 533.593 66101 533.843 79051 534.094 90721 534.345 103281 534.596 116201 534.846 129221 535.097 139851 535.348 149281 535.599 157611 535.849 166101 536.1 171181 536.351 173881 536.601 174801 536.852 172711 537.103 168561 537.353 162791 537.604 156541 537.855 147071 538.105 136991 538.356 126251 538.606 113931 538.857 101061 539.108 87651 539.358 75771 539.609 62851 539.859 52651 540.11 42721 540.36 34241 540.611 27671 540.861 23791 541.112 20811 541.362 21251 541.613 22431 541.863 26631 542.114 32411 542.364 40961 542.615 50671 542.865 61981 543.116 75001 543.366 87351 543.617 102691 543.867 115591 544.117 129271 544.368 142471 544.618 155771 544.869 166981 545.119 175951 545.369 183621 545.62 190091 545.87 194261 546.121 195771 546.371 195501 546.621 193971 546.872 187831 547.122 181801 547.372 171591 547.623 161631 547.873 150731 548.123 136931 548.373 124191 548.624 109841 548.874 96031 549.124 81271 549.374 69571 549.625 57031 549.875 46971 550.125 37581 550.375 30271 550.626 25531 550.876 22481 551.126 21541 551.376 22781 551.626 26621 551.876 32841 552.127 40231 552.377 50071 552.627 61511 552.877 74171 553.127 88421 553.377 102981 553.627 117301 553.877 131801 554.128 146321 554.378 159031 554.628 172741 554.878 